(kicad_pcb (version 20171130) (host pcbnew 5.1.5-52549c5~84~ubuntu18.04.1)

  (general
    (thickness 1)
    (drawings 4)
    (tracks 157)
    (zones 0)
    (modules 33)
    (nets 37)
  )

  (page A4)
  (layers
    (0 F.Cu signal)
    (31 B.Cu signal)
    (32 B.Adhes user)
    (33 F.Adhes user)
    (34 B.Paste user)
    (35 F.Paste user)
    (36 B.SilkS user hide)
    (37 F.SilkS user hide)
    (38 B.Mask user)
    (39 F.Mask user)
    (40 Dwgs.User user)
    (41 Cmts.User user)
    (42 Eco1.User user)
    (43 Eco2.User user)
    (44 Edge.Cuts user)
    (45 Margin user)
    (46 B.CrtYd user)
    (47 F.CrtYd user)
    (48 B.Fab user hide)
    (49 F.Fab user hide)
  )

  (setup
    (last_trace_width 0.5)
    (user_trace_width 0.3)
    (user_trace_width 0.5)
    (trace_clearance 0.2)
    (zone_clearance 0.254)
    (zone_45_only no)
    (trace_min 0.2)
    (via_size 0.8)
    (via_drill 0.4)
    (via_min_size 0.4)
    (via_min_drill 0.3)
    (uvia_size 0.3)
    (uvia_drill 0.1)
    (uvias_allowed no)
    (uvia_min_size 0.2)
    (uvia_min_drill 0.1)
    (edge_width 0.05)
    (segment_width 0.2)
    (pcb_text_width 0.3)
    (pcb_text_size 1.5 1.5)
    (mod_edge_width 0.12)
    (mod_text_size 1 1)
    (mod_text_width 0.15)
    (pad_size 2 1)
    (pad_drill 0)
    (pad_to_mask_clearance 0.051)
    (solder_mask_min_width 0.25)
    (aux_axis_origin 0 0)
    (visible_elements FFFFFF7F)
    (pcbplotparams
      (layerselection 0x010fc_ffffffff)
      (usegerberextensions false)
      (usegerberattributes false)
      (usegerberadvancedattributes false)
      (creategerberjobfile false)
      (excludeedgelayer true)
      (linewidth 0.100000)
      (plotframeref false)
      (viasonmask false)
      (mode 1)
      (useauxorigin false)
      (hpglpennumber 1)
      (hpglpenspeed 20)
      (hpglpendiameter 15.000000)
      (psnegative false)
      (psa4output false)
      (plotreference true)
      (plotvalue true)
      (plotinvisibletext false)
      (padsonsilk false)
      (subtractmaskfromsilk false)
      (outputformat 1)
      (mirror false)
      (drillshape 1)
      (scaleselection 1)
      (outputdirectory ""))
  )

  (net 0 "")
  (net 1 "Net-(U1-Pad18)")
  (net 2 "Net-(U1-Pad17)")
  (net 3 "Net-(U1-Pad3)")
  (net 4 "Net-(U1-Pad2)")
  (net 5 GND)
  (net 6 RAIL1)
  (net 7 /27V)
  (net 8 RAIL2)
  (net 9 /+3V3)
  (net 10 /NRST)
  (net 11 /BOOT0)
  (net 12 /TIM14_CH1)
  (net 13 /SWCLK)
  (net 14 /SWDIO)
  (net 15 /ADC_IN1)
  (net 16 /ADC_IN0)
  (net 17 M2)
  (net 18 M1)
  (net 19 /TIM3_CH2)
  (net 20 /TIM3_CH1)
  (net 21 F1)
  (net 22 F2)
  (net 23 "Net-(Q1-Pad6)")
  (net 24 "Net-(Q1-Pad4)")
  (net 25 "Net-(Q2-Pad6)")
  (net 26 "Net-(Q2-Pad4)")
  (net 27 F3)
  (net 28 F4)
  (net 29 "Net-(Q3-Pad6)")
  (net 30 "Net-(Q3-Pad4)")
  (net 31 FL)
  (net 32 RL)
  (net 33 /_RL)
  (net 34 /_FL)
  (net 35 /_F2)
  (net 36 /_F1)

  (net_class Default "This is the default net class."
    (clearance 0.2)
    (trace_width 0.25)
    (via_dia 0.8)
    (via_drill 0.4)
    (uvia_dia 0.3)
    (uvia_drill 0.1)
    (add_net /+3V3)
    (add_net /27V)
    (add_net /ADC_IN0)
    (add_net /ADC_IN1)
    (add_net /BOOT0)
    (add_net /NRST)
    (add_net /SWCLK)
    (add_net /SWDIO)
    (add_net /TIM14_CH1)
    (add_net /TIM3_CH1)
    (add_net /TIM3_CH2)
    (add_net /_F1)
    (add_net /_F2)
    (add_net /_FL)
    (add_net /_RL)
    (add_net F1)
    (add_net F2)
    (add_net F3)
    (add_net F4)
    (add_net FL)
    (add_net GND)
    (add_net M1)
    (add_net M2)
    (add_net "Net-(Q1-Pad4)")
    (add_net "Net-(Q1-Pad6)")
    (add_net "Net-(Q2-Pad4)")
    (add_net "Net-(Q2-Pad6)")
    (add_net "Net-(Q3-Pad4)")
    (add_net "Net-(Q3-Pad6)")
    (add_net "Net-(U1-Pad17)")
    (add_net "Net-(U1-Pad18)")
    (add_net "Net-(U1-Pad2)")
    (add_net "Net-(U1-Pad3)")
    (add_net RAIL1)
    (add_net RAIL2)
    (add_net RL)
  )

  (module Capacitor_SMD:C_0603_1608Metric (layer B.Cu) (tedit 5B301BBE) (tstamp 5E653FF8)
    (at 119.634 84.836 270)
    (descr "Capacitor SMD 0603 (1608 Metric), square (rectangular) end terminal, IPC_7351 nominal, (Body size source: http://www.tortai-tech.com/upload/download/2011102023233369053.pdf), generated with kicad-footprint-generator")
    (tags capacitor)
    (path /5E65CF36)
    (attr smd)
    (fp_text reference C1 (at 0 1.43 270) (layer B.SilkS)
      (effects (font (size 1 1) (thickness 0.15)) (justify mirror))
    )
    (fp_text value C (at 0 -1.43 270) (layer B.Fab)
      (effects (font (size 1 1) (thickness 0.15)) (justify mirror))
    )
    (fp_text user %R (at 0 0 270) (layer B.Fab)
      (effects (font (size 0.4 0.4) (thickness 0.06)) (justify mirror))
    )
    (fp_line (start 1.48 -0.73) (end -1.48 -0.73) (layer B.CrtYd) (width 0.05))
    (fp_line (start 1.48 0.73) (end 1.48 -0.73) (layer B.CrtYd) (width 0.05))
    (fp_line (start -1.48 0.73) (end 1.48 0.73) (layer B.CrtYd) (width 0.05))
    (fp_line (start -1.48 -0.73) (end -1.48 0.73) (layer B.CrtYd) (width 0.05))
    (fp_line (start -0.162779 -0.51) (end 0.162779 -0.51) (layer B.SilkS) (width 0.12))
    (fp_line (start -0.162779 0.51) (end 0.162779 0.51) (layer B.SilkS) (width 0.12))
    (fp_line (start 0.8 -0.4) (end -0.8 -0.4) (layer B.Fab) (width 0.1))
    (fp_line (start 0.8 0.4) (end 0.8 -0.4) (layer B.Fab) (width 0.1))
    (fp_line (start -0.8 0.4) (end 0.8 0.4) (layer B.Fab) (width 0.1))
    (fp_line (start -0.8 -0.4) (end -0.8 0.4) (layer B.Fab) (width 0.1))
    (pad 2 smd roundrect (at 0.7875 0 270) (size 0.875 0.95) (layers B.Cu B.Paste B.Mask) (roundrect_rratio 0.25)
      (net 5 GND))
    (pad 1 smd roundrect (at -0.7875 0 270) (size 0.875 0.95) (layers B.Cu B.Paste B.Mask) (roundrect_rratio 0.25)
      (net 7 /27V))
    (model ${KISYS3DMOD}/Capacitor_SMD.3dshapes/C_0603_1608Metric.wrl
      (at (xyz 0 0 0))
      (scale (xyz 1 1 1))
      (rotate (xyz 0 0 0))
    )
  )

  (module TestPoint:TestPoint_Pad_2.0x2.0mm (layer B.Cu) (tedit 5E660247) (tstamp 5E6604C8)
    (at 130.175 81.28 270)
    (descr "SMD rectangular pad as test Point, square 2.0mm side length")
    (tags "test point SMD pad rectangle square")
    (attr virtual)
    (fp_text reference REF** (at 0 1.998 90) (layer B.SilkS)
      (effects (font (size 1 1) (thickness 0.15)) (justify mirror))
    )
    (fp_text value TestPoint_Pad_2.0x2.0mm (at 0 -2.05 90) (layer B.Fab)
      (effects (font (size 1 1) (thickness 0.15)) (justify mirror))
    )
    (fp_line (start 1.5 -1.5) (end -1.5 -1.5) (layer B.CrtYd) (width 0.05))
    (fp_line (start 1.5 -1.5) (end 1.5 1.5) (layer B.CrtYd) (width 0.05))
    (fp_line (start -1.5 1.5) (end -1.5 -1.5) (layer B.CrtYd) (width 0.05))
    (fp_line (start -1.5 1.5) (end 1.5 1.5) (layer B.CrtYd) (width 0.05))
    (fp_line (start -1.2 -1.2) (end -1.2 1.2) (layer B.SilkS) (width 0.12))
    (fp_line (start 1.2 -1.2) (end -1.2 -1.2) (layer B.SilkS) (width 0.12))
    (fp_line (start 1.2 1.2) (end 1.2 -1.2) (layer B.SilkS) (width 0.12))
    (fp_line (start -1.2 1.2) (end 1.2 1.2) (layer B.SilkS) (width 0.12))
    (fp_text user %R (at 0 2 90) (layer B.Fab)
      (effects (font (size 1 1) (thickness 0.15)) (justify mirror))
    )
    (pad 1 smd rect (at 0 0 270) (size 2 1) (layers B.Cu B.Mask)
      (net 28 F4))
  )

  (module TestPoint:TestPoint_Pad_2.0x2.0mm (layer B.Cu) (tedit 5E66023D) (tstamp 5E660465)
    (at 132.08 81.28 270)
    (descr "SMD rectangular pad as test Point, square 2.0mm side length")
    (tags "test point SMD pad rectangle square")
    (attr virtual)
    (fp_text reference REF** (at 0 1.998 90) (layer B.SilkS)
      (effects (font (size 1 1) (thickness 0.15)) (justify mirror))
    )
    (fp_text value TestPoint_Pad_2.0x2.0mm (at 0 -2.05 90) (layer B.Fab)
      (effects (font (size 1 1) (thickness 0.15)) (justify mirror))
    )
    (fp_text user %R (at 0 2 90) (layer B.Fab)
      (effects (font (size 1 1) (thickness 0.15)) (justify mirror))
    )
    (fp_line (start -1.2 1.2) (end 1.2 1.2) (layer B.SilkS) (width 0.12))
    (fp_line (start 1.2 1.2) (end 1.2 -1.2) (layer B.SilkS) (width 0.12))
    (fp_line (start 1.2 -1.2) (end -1.2 -1.2) (layer B.SilkS) (width 0.12))
    (fp_line (start -1.2 -1.2) (end -1.2 1.2) (layer B.SilkS) (width 0.12))
    (fp_line (start -1.5 1.5) (end 1.5 1.5) (layer B.CrtYd) (width 0.05))
    (fp_line (start -1.5 1.5) (end -1.5 -1.5) (layer B.CrtYd) (width 0.05))
    (fp_line (start 1.5 -1.5) (end 1.5 1.5) (layer B.CrtYd) (width 0.05))
    (fp_line (start 1.5 -1.5) (end -1.5 -1.5) (layer B.CrtYd) (width 0.05))
    (pad 1 smd rect (at 0 0 270) (size 2 1) (layers B.Cu B.Mask)
      (net 27 F3))
  )

  (module Capacitor_SMD:C_0805_2012Metric (layer F.Cu) (tedit 5B36C52B) (tstamp 5E661148)
    (at 131.318 81.026)
    (descr "Capacitor SMD 0805 (2012 Metric), square (rectangular) end terminal, IPC_7351 nominal, (Body size source: https://docs.google.com/spreadsheets/d/1BsfQQcO9C6DZCsRaXUlFlo91Tg2WpOkGARC1WS5S8t0/edit?usp=sharing), generated with kicad-footprint-generator")
    (tags capacitor)
    (path /5E67137D)
    (attr smd)
    (fp_text reference C6 (at 0 -1.65 180) (layer F.SilkS)
      (effects (font (size 1 1) (thickness 0.15)))
    )
    (fp_text value 2u2 (at 0 1.65 180) (layer F.Fab)
      (effects (font (size 1 1) (thickness 0.15)))
    )
    (fp_text user %R (at 0 0 180) (layer F.Fab)
      (effects (font (size 0.5 0.5) (thickness 0.08)))
    )
    (fp_line (start 1.68 0.95) (end -1.68 0.95) (layer F.CrtYd) (width 0.05))
    (fp_line (start 1.68 -0.95) (end 1.68 0.95) (layer F.CrtYd) (width 0.05))
    (fp_line (start -1.68 -0.95) (end 1.68 -0.95) (layer F.CrtYd) (width 0.05))
    (fp_line (start -1.68 0.95) (end -1.68 -0.95) (layer F.CrtYd) (width 0.05))
    (fp_line (start -0.258578 0.71) (end 0.258578 0.71) (layer F.SilkS) (width 0.12))
    (fp_line (start -0.258578 -0.71) (end 0.258578 -0.71) (layer F.SilkS) (width 0.12))
    (fp_line (start 1 0.6) (end -1 0.6) (layer F.Fab) (width 0.1))
    (fp_line (start 1 -0.6) (end 1 0.6) (layer F.Fab) (width 0.1))
    (fp_line (start -1 -0.6) (end 1 -0.6) (layer F.Fab) (width 0.1))
    (fp_line (start -1 0.6) (end -1 -0.6) (layer F.Fab) (width 0.1))
    (pad 2 smd roundrect (at 0.9375 0) (size 0.975 1.4) (layers F.Cu F.Paste F.Mask) (roundrect_rratio 0.25)
      (net 5 GND))
    (pad 1 smd roundrect (at -0.9375 0) (size 0.975 1.4) (layers F.Cu F.Paste F.Mask) (roundrect_rratio 0.25)
      (net 9 /+3V3))
    (model ${KISYS3DMOD}/Capacitor_SMD.3dshapes/C_0805_2012Metric.wrl
      (at (xyz 0 0 0))
      (scale (xyz 1 1 1))
      (rotate (xyz 0 0 0))
    )
  )

  (module Capacitor_SMD:C_0603_1608Metric (layer F.Cu) (tedit 5B301BBE) (tstamp 5E65C949)
    (at 121.92 83.566 270)
    (descr "Capacitor SMD 0603 (1608 Metric), square (rectangular) end terminal, IPC_7351 nominal, (Body size source: http://www.tortai-tech.com/upload/download/2011102023233369053.pdf), generated with kicad-footprint-generator")
    (tags capacitor)
    (path /5E6B1D41)
    (attr smd)
    (fp_text reference C5 (at 0 -1.43 90) (layer F.SilkS)
      (effects (font (size 1 1) (thickness 0.15)))
    )
    (fp_text value C (at 0 1.43 90) (layer F.Fab)
      (effects (font (size 1 1) (thickness 0.15)))
    )
    (fp_text user %R (at 0 0 90) (layer F.Fab)
      (effects (font (size 0.4 0.4) (thickness 0.06)))
    )
    (fp_line (start 1.48 0.73) (end -1.48 0.73) (layer F.CrtYd) (width 0.05))
    (fp_line (start 1.48 -0.73) (end 1.48 0.73) (layer F.CrtYd) (width 0.05))
    (fp_line (start -1.48 -0.73) (end 1.48 -0.73) (layer F.CrtYd) (width 0.05))
    (fp_line (start -1.48 0.73) (end -1.48 -0.73) (layer F.CrtYd) (width 0.05))
    (fp_line (start -0.162779 0.51) (end 0.162779 0.51) (layer F.SilkS) (width 0.12))
    (fp_line (start -0.162779 -0.51) (end 0.162779 -0.51) (layer F.SilkS) (width 0.12))
    (fp_line (start 0.8 0.4) (end -0.8 0.4) (layer F.Fab) (width 0.1))
    (fp_line (start 0.8 -0.4) (end 0.8 0.4) (layer F.Fab) (width 0.1))
    (fp_line (start -0.8 -0.4) (end 0.8 -0.4) (layer F.Fab) (width 0.1))
    (fp_line (start -0.8 0.4) (end -0.8 -0.4) (layer F.Fab) (width 0.1))
    (pad 2 smd roundrect (at 0.7875 0 270) (size 0.875 0.95) (layers F.Cu F.Paste F.Mask) (roundrect_rratio 0.25)
      (net 5 GND))
    (pad 1 smd roundrect (at -0.7875 0 270) (size 0.875 0.95) (layers F.Cu F.Paste F.Mask) (roundrect_rratio 0.25)
      (net 7 /27V))
    (model ${KISYS3DMOD}/Capacitor_SMD.3dshapes/C_0603_1608Metric.wrl
      (at (xyz 0 0 0))
      (scale (xyz 1 1 1))
      (rotate (xyz 0 0 0))
    )
  )

  (module TestPoint:TestPoint_Pad_2.0x2.0mm (layer B.Cu) (tedit 5E656910) (tstamp 5E6595EA)
    (at 115.57 89.535 180)
    (descr "SMD rectangular pad as test Point, square 2.0mm side length")
    (tags "test point SMD pad rectangle square")
    (attr virtual)
    (fp_text reference REF** (at 0 1.998) (layer B.SilkS)
      (effects (font (size 1 1) (thickness 0.15)) (justify mirror))
    )
    (fp_text value TestPoint_Pad_2.0x2.0mm (at 0 -2.05) (layer B.Fab)
      (effects (font (size 1 1) (thickness 0.15)) (justify mirror))
    )
    (fp_line (start 1.5 -1.5) (end -1.5 -1.5) (layer B.CrtYd) (width 0.05))
    (fp_line (start 1.5 -1.5) (end 1.5 1.5) (layer B.CrtYd) (width 0.05))
    (fp_line (start -1.5 1.5) (end -1.5 -1.5) (layer B.CrtYd) (width 0.05))
    (fp_line (start -1.5 1.5) (end 1.5 1.5) (layer B.CrtYd) (width 0.05))
    (fp_line (start -1.2 -1.2) (end -1.2 1.2) (layer B.SilkS) (width 0.12))
    (fp_line (start 1.2 -1.2) (end -1.2 -1.2) (layer B.SilkS) (width 0.12))
    (fp_line (start 1.2 1.2) (end 1.2 -1.2) (layer B.SilkS) (width 0.12))
    (fp_line (start -1.2 1.2) (end 1.2 1.2) (layer B.SilkS) (width 0.12))
    (fp_text user %R (at 0 2) (layer B.Fab)
      (effects (font (size 1 1) (thickness 0.15)) (justify mirror))
    )
    (pad 1 smd rect (at 0 0 180) (size 2 1) (layers B.Cu B.Mask)
      (net 32 RL))
  )

  (module TestPoint:TestPoint_Pad_2.0x2.0mm (layer B.Cu) (tedit 5E6568FE) (tstamp 5E65959A)
    (at 115.57 87.63 180)
    (descr "SMD rectangular pad as test Point, square 2.0mm side length")
    (tags "test point SMD pad rectangle square")
    (attr virtual)
    (fp_text reference REF** (at 0 1.998) (layer B.SilkS)
      (effects (font (size 1 1) (thickness 0.15)) (justify mirror))
    )
    (fp_text value TestPoint_Pad_2.0x2.0mm (at 0 -2.05) (layer B.Fab)
      (effects (font (size 1 1) (thickness 0.15)) (justify mirror))
    )
    (fp_text user %R (at 0 2) (layer B.Fab)
      (effects (font (size 1 1) (thickness 0.15)) (justify mirror))
    )
    (fp_line (start -1.2 1.2) (end 1.2 1.2) (layer B.SilkS) (width 0.12))
    (fp_line (start 1.2 1.2) (end 1.2 -1.2) (layer B.SilkS) (width 0.12))
    (fp_line (start 1.2 -1.2) (end -1.2 -1.2) (layer B.SilkS) (width 0.12))
    (fp_line (start -1.2 -1.2) (end -1.2 1.2) (layer B.SilkS) (width 0.12))
    (fp_line (start -1.5 1.5) (end 1.5 1.5) (layer B.CrtYd) (width 0.05))
    (fp_line (start -1.5 1.5) (end -1.5 -1.5) (layer B.CrtYd) (width 0.05))
    (fp_line (start 1.5 -1.5) (end 1.5 1.5) (layer B.CrtYd) (width 0.05))
    (fp_line (start 1.5 -1.5) (end -1.5 -1.5) (layer B.CrtYd) (width 0.05))
    (pad 1 smd rect (at 0 0 180) (size 2 1) (layers B.Cu B.Mask)
      (net 31 FL))
  )

  (module TestPoint:TestPoint_Pad_2.0x2.0mm (layer F.Cu) (tedit 5E65665D) (tstamp 5E658A11)
    (at 115.57 83.185)
    (descr "SMD rectangular pad as test Point, square 2.0mm side length")
    (tags "test point SMD pad rectangle square")
    (attr virtual)
    (fp_text reference REF** (at 0 -1.998) (layer F.SilkS)
      (effects (font (size 1 1) (thickness 0.15)))
    )
    (fp_text value TestPoint_Pad_2.0x2.0mm (at 0 2.05) (layer F.Fab)
      (effects (font (size 1 1) (thickness 0.15)))
    )
    (fp_text user %R (at 0 -2) (layer F.Fab)
      (effects (font (size 1 1) (thickness 0.15)))
    )
    (fp_line (start -1.2 -1.2) (end 1.2 -1.2) (layer F.SilkS) (width 0.12))
    (fp_line (start 1.2 -1.2) (end 1.2 1.2) (layer F.SilkS) (width 0.12))
    (fp_line (start 1.2 1.2) (end -1.2 1.2) (layer F.SilkS) (width 0.12))
    (fp_line (start -1.2 1.2) (end -1.2 -1.2) (layer F.SilkS) (width 0.12))
    (fp_line (start -1.5 -1.5) (end 1.5 -1.5) (layer F.CrtYd) (width 0.05))
    (fp_line (start -1.5 -1.5) (end -1.5 1.5) (layer F.CrtYd) (width 0.05))
    (fp_line (start 1.5 1.5) (end 1.5 -1.5) (layer F.CrtYd) (width 0.05))
    (fp_line (start 1.5 1.5) (end -1.5 1.5) (layer F.CrtYd) (width 0.05))
    (pad 1 smd rect (at 0 0) (size 2 1) (layers F.Cu F.Mask)
      (net 7 /27V))
  )

  (module TestPoint:TestPoint_Pad_2.0x2.0mm (layer B.Cu) (tedit 5E655A9C) (tstamp 5E657200)
    (at 115.57 82.55 180)
    (descr "SMD rectangular pad as test Point, square 2.0mm side length")
    (tags "test point SMD pad rectangle square")
    (attr virtual)
    (fp_text reference REF** (at 0 1.998) (layer B.SilkS)
      (effects (font (size 1 1) (thickness 0.15)) (justify mirror))
    )
    (fp_text value TestPoint_Pad_2.0x2.0mm (at 0 -2.05) (layer B.Fab)
      (effects (font (size 1 1) (thickness 0.15)) (justify mirror))
    )
    (fp_text user %R (at 0 2) (layer B.Fab)
      (effects (font (size 1 1) (thickness 0.15)) (justify mirror))
    )
    (fp_line (start -1.2 1.2) (end 1.2 1.2) (layer B.SilkS) (width 0.12))
    (fp_line (start 1.2 1.2) (end 1.2 -1.2) (layer B.SilkS) (width 0.12))
    (fp_line (start 1.2 -1.2) (end -1.2 -1.2) (layer B.SilkS) (width 0.12))
    (fp_line (start -1.2 -1.2) (end -1.2 1.2) (layer B.SilkS) (width 0.12))
    (fp_line (start -1.5 1.5) (end 1.5 1.5) (layer B.CrtYd) (width 0.05))
    (fp_line (start -1.5 1.5) (end -1.5 -1.5) (layer B.CrtYd) (width 0.05))
    (fp_line (start 1.5 -1.5) (end 1.5 1.5) (layer B.CrtYd) (width 0.05))
    (fp_line (start 1.5 -1.5) (end -1.5 -1.5) (layer B.CrtYd) (width 0.05))
    (pad 1 smd rect (at 0 0 180) (size 2 1) (layers B.Cu B.Mask)
      (net 22 F2))
  )

  (module Resistor_SMD:R_0603_1608Metric (layer B.Cu) (tedit 5B301BBD) (tstamp 5E659795)
    (at 120.65 89.535 180)
    (descr "Resistor SMD 0603 (1608 Metric), square (rectangular) end terminal, IPC_7351 nominal, (Body size source: http://www.tortai-tech.com/upload/download/2011102023233369053.pdf), generated with kicad-footprint-generator")
    (tags resistor)
    (path /5E676CDE)
    (attr smd)
    (fp_text reference R9 (at 0 1.43) (layer B.SilkS)
      (effects (font (size 1 1) (thickness 0.15)) (justify mirror))
    )
    (fp_text value TBD (at 0 -1.43) (layer B.Fab)
      (effects (font (size 1 1) (thickness 0.15)) (justify mirror))
    )
    (fp_text user %R (at 0 0) (layer B.Fab)
      (effects (font (size 0.4 0.4) (thickness 0.06)) (justify mirror))
    )
    (fp_line (start 1.48 -0.73) (end -1.48 -0.73) (layer B.CrtYd) (width 0.05))
    (fp_line (start 1.48 0.73) (end 1.48 -0.73) (layer B.CrtYd) (width 0.05))
    (fp_line (start -1.48 0.73) (end 1.48 0.73) (layer B.CrtYd) (width 0.05))
    (fp_line (start -1.48 -0.73) (end -1.48 0.73) (layer B.CrtYd) (width 0.05))
    (fp_line (start -0.162779 -0.51) (end 0.162779 -0.51) (layer B.SilkS) (width 0.12))
    (fp_line (start -0.162779 0.51) (end 0.162779 0.51) (layer B.SilkS) (width 0.12))
    (fp_line (start 0.8 -0.4) (end -0.8 -0.4) (layer B.Fab) (width 0.1))
    (fp_line (start 0.8 0.4) (end 0.8 -0.4) (layer B.Fab) (width 0.1))
    (fp_line (start -0.8 0.4) (end 0.8 0.4) (layer B.Fab) (width 0.1))
    (fp_line (start -0.8 -0.4) (end -0.8 0.4) (layer B.Fab) (width 0.1))
    (pad 2 smd roundrect (at 0.7875 0 180) (size 0.875 0.95) (layers B.Cu B.Paste B.Mask) (roundrect_rratio 0.25)
      (net 32 RL))
    (pad 1 smd roundrect (at -0.7875 0 180) (size 0.875 0.95) (layers B.Cu B.Paste B.Mask) (roundrect_rratio 0.25)
      (net 30 "Net-(Q3-Pad4)"))
    (model ${KISYS3DMOD}/Resistor_SMD.3dshapes/R_0603_1608Metric.wrl
      (at (xyz 0 0 0))
      (scale (xyz 1 1 1))
      (rotate (xyz 0 0 0))
    )
  )

  (module Resistor_SMD:R_0603_1608Metric (layer B.Cu) (tedit 5B301BBD) (tstamp 5E659CE7)
    (at 120.65 87.63 180)
    (descr "Resistor SMD 0603 (1608 Metric), square (rectangular) end terminal, IPC_7351 nominal, (Body size source: http://www.tortai-tech.com/upload/download/2011102023233369053.pdf), generated with kicad-footprint-generator")
    (tags resistor)
    (path /5E676CD3)
    (attr smd)
    (fp_text reference R8 (at 0 1.43) (layer B.SilkS)
      (effects (font (size 1 1) (thickness 0.15)) (justify mirror))
    )
    (fp_text value TBD (at 0 -1.43) (layer B.Fab)
      (effects (font (size 1 1) (thickness 0.15)) (justify mirror))
    )
    (fp_text user %R (at 0 0) (layer B.Fab)
      (effects (font (size 0.4 0.4) (thickness 0.06)) (justify mirror))
    )
    (fp_line (start 1.48 -0.73) (end -1.48 -0.73) (layer B.CrtYd) (width 0.05))
    (fp_line (start 1.48 0.73) (end 1.48 -0.73) (layer B.CrtYd) (width 0.05))
    (fp_line (start -1.48 0.73) (end 1.48 0.73) (layer B.CrtYd) (width 0.05))
    (fp_line (start -1.48 -0.73) (end -1.48 0.73) (layer B.CrtYd) (width 0.05))
    (fp_line (start -0.162779 -0.51) (end 0.162779 -0.51) (layer B.SilkS) (width 0.12))
    (fp_line (start -0.162779 0.51) (end 0.162779 0.51) (layer B.SilkS) (width 0.12))
    (fp_line (start 0.8 -0.4) (end -0.8 -0.4) (layer B.Fab) (width 0.1))
    (fp_line (start 0.8 0.4) (end 0.8 -0.4) (layer B.Fab) (width 0.1))
    (fp_line (start -0.8 0.4) (end 0.8 0.4) (layer B.Fab) (width 0.1))
    (fp_line (start -0.8 -0.4) (end -0.8 0.4) (layer B.Fab) (width 0.1))
    (pad 2 smd roundrect (at 0.7875 0 180) (size 0.875 0.95) (layers B.Cu B.Paste B.Mask) (roundrect_rratio 0.25)
      (net 31 FL))
    (pad 1 smd roundrect (at -0.7875 0 180) (size 0.875 0.95) (layers B.Cu B.Paste B.Mask) (roundrect_rratio 0.25)
      (net 29 "Net-(Q3-Pad6)"))
    (model ${KISYS3DMOD}/Resistor_SMD.3dshapes/R_0603_1608Metric.wrl
      (at (xyz 0 0 0))
      (scale (xyz 1 1 1))
      (rotate (xyz 0 0 0))
    )
  )

  (module Package_TO_SOT_SMD:SuperSOT-6 (layer B.Cu) (tedit 5A02FF57) (tstamp 5E6597CA)
    (at 125.73 88.9 180)
    (descr "6-pin SuperSOT package http://www.mouser.com/ds/2/149/FMB5551-889214.pdf")
    (tags "SuperSOT-6 SSOT-6")
    (path /5E676CB2)
    (attr smd)
    (fp_text reference Q3 (at 0 2.35) (layer B.SilkS)
      (effects (font (size 1 1) (thickness 0.15)) (justify mirror))
    )
    (fp_text value FDC6561AN (at 0 -2.5) (layer B.Fab)
      (effects (font (size 1 1) (thickness 0.15)) (justify mirror))
    )
    (fp_line (start 2.05 -1.7) (end -2.05 -1.7) (layer B.CrtYd) (width 0.05))
    (fp_line (start 2.05 -1.7) (end 2.05 1.7) (layer B.CrtYd) (width 0.05))
    (fp_line (start -2.05 1.7) (end -2.05 -1.7) (layer B.CrtYd) (width 0.05))
    (fp_line (start -2.05 1.7) (end 2.05 1.7) (layer B.CrtYd) (width 0.05))
    (fp_line (start -0.85 1) (end -0.85 -1.45) (layer B.Fab) (width 0.12))
    (fp_line (start -0.4 1.45) (end -0.85 1) (layer B.Fab) (width 0.12))
    (fp_line (start 0.85 1.45) (end -0.4 1.45) (layer B.Fab) (width 0.12))
    (fp_line (start 0.85 -1.45) (end 0.85 1.45) (layer B.Fab) (width 0.12))
    (fp_line (start -0.85 -1.45) (end 0.85 -1.45) (layer B.Fab) (width 0.12))
    (fp_line (start 0.85 -1.6) (end -0.85 -1.6) (layer B.SilkS) (width 0.12))
    (fp_line (start 0.85 1.6) (end -1.75 1.6) (layer B.SilkS) (width 0.12))
    (fp_text user %R (at 0 0 270) (layer B.Fab)
      (effects (font (size 0.5 0.5) (thickness 0.075)) (justify mirror))
    )
    (pad 5 smd rect (at 1.3 0 180) (size 1 0.7) (layers B.Cu B.Paste B.Mask)
      (net 5 GND))
    (pad 6 smd rect (at 1.3 0.95 180) (size 1 0.7) (layers B.Cu B.Paste B.Mask)
      (net 29 "Net-(Q3-Pad6)"))
    (pad 4 smd rect (at 1.3 -0.95 180) (size 1 0.7) (layers B.Cu B.Paste B.Mask)
      (net 30 "Net-(Q3-Pad4)"))
    (pad 3 smd rect (at -1.3 -0.95 180) (size 1 0.7) (layers B.Cu B.Paste B.Mask)
      (net 33 /_RL))
    (pad 2 smd rect (at -1.3 0 180) (size 1 0.7) (layers B.Cu B.Paste B.Mask)
      (net 5 GND))
    (pad 1 smd rect (at -1.3 0.95 180) (size 1 0.7) (layers B.Cu B.Paste B.Mask)
      (net 34 /_FL))
    (model ${KISYS3DMOD}/Package_TO_SOT_SMD.3dshapes/SuperSOT-6.wrl
      (at (xyz 0 0 0))
      (scale (xyz 1 1 1))
      (rotate (xyz 0 0 0))
    )
  )

  (module TestPoint:TestPoint_Pad_2.0x2.0mm (layer B.Cu) (tedit 5E6558F3) (tstamp 5E6566EE)
    (at 115.57 80.645 180)
    (descr "SMD rectangular pad as test Point, square 2.0mm side length")
    (tags "test point SMD pad rectangle square")
    (attr virtual)
    (fp_text reference REF** (at 0 1.998) (layer B.SilkS)
      (effects (font (size 1 1) (thickness 0.15)) (justify mirror))
    )
    (fp_text value TestPoint_Pad_2.0x2.0mm (at 0 -2.05) (layer B.Fab)
      (effects (font (size 1 1) (thickness 0.15)) (justify mirror))
    )
    (fp_line (start 1.5 -1.5) (end -1.5 -1.5) (layer B.CrtYd) (width 0.05))
    (fp_line (start 1.5 -1.5) (end 1.5 1.5) (layer B.CrtYd) (width 0.05))
    (fp_line (start -1.5 1.5) (end -1.5 -1.5) (layer B.CrtYd) (width 0.05))
    (fp_line (start -1.5 1.5) (end 1.5 1.5) (layer B.CrtYd) (width 0.05))
    (fp_line (start -1.2 -1.2) (end -1.2 1.2) (layer B.SilkS) (width 0.12))
    (fp_line (start 1.2 -1.2) (end -1.2 -1.2) (layer B.SilkS) (width 0.12))
    (fp_line (start 1.2 1.2) (end 1.2 -1.2) (layer B.SilkS) (width 0.12))
    (fp_line (start -1.2 1.2) (end 1.2 1.2) (layer B.SilkS) (width 0.12))
    (fp_text user %R (at 0 2) (layer B.Fab)
      (effects (font (size 1 1) (thickness 0.15)) (justify mirror))
    )
    (pad 1 smd rect (at 0 0 180) (size 2 1) (layers B.Cu B.Mask)
      (net 21 F1))
  )

  (module Resistor_SMD:R_0603_1608Metric (layer B.Cu) (tedit 5B301BBD) (tstamp 5E65738B)
    (at 130.175 83.82 90)
    (descr "Resistor SMD 0603 (1608 Metric), square (rectangular) end terminal, IPC_7351 nominal, (Body size source: http://www.tortai-tech.com/upload/download/2011102023233369053.pdf), generated with kicad-footprint-generator")
    (tags resistor)
    (path /5E66D59D)
    (attr smd)
    (fp_text reference R7 (at 0 1.43 90) (layer B.SilkS)
      (effects (font (size 1 1) (thickness 0.15)) (justify mirror))
    )
    (fp_text value TBD (at 0 -1.43 90) (layer B.Fab)
      (effects (font (size 1 1) (thickness 0.15)) (justify mirror))
    )
    (fp_text user %R (at 0 0 90) (layer B.Fab)
      (effects (font (size 0.4 0.4) (thickness 0.06)) (justify mirror))
    )
    (fp_line (start 1.48 -0.73) (end -1.48 -0.73) (layer B.CrtYd) (width 0.05))
    (fp_line (start 1.48 0.73) (end 1.48 -0.73) (layer B.CrtYd) (width 0.05))
    (fp_line (start -1.48 0.73) (end 1.48 0.73) (layer B.CrtYd) (width 0.05))
    (fp_line (start -1.48 -0.73) (end -1.48 0.73) (layer B.CrtYd) (width 0.05))
    (fp_line (start -0.162779 -0.51) (end 0.162779 -0.51) (layer B.SilkS) (width 0.12))
    (fp_line (start -0.162779 0.51) (end 0.162779 0.51) (layer B.SilkS) (width 0.12))
    (fp_line (start 0.8 -0.4) (end -0.8 -0.4) (layer B.Fab) (width 0.1))
    (fp_line (start 0.8 0.4) (end 0.8 -0.4) (layer B.Fab) (width 0.1))
    (fp_line (start -0.8 0.4) (end 0.8 0.4) (layer B.Fab) (width 0.1))
    (fp_line (start -0.8 -0.4) (end -0.8 0.4) (layer B.Fab) (width 0.1))
    (pad 2 smd roundrect (at 0.7875 0 90) (size 0.875 0.95) (layers B.Cu B.Paste B.Mask) (roundrect_rratio 0.25)
      (net 28 F4))
    (pad 1 smd roundrect (at -0.7875 0 90) (size 0.875 0.95) (layers B.Cu B.Paste B.Mask) (roundrect_rratio 0.25)
      (net 26 "Net-(Q2-Pad4)"))
    (model ${KISYS3DMOD}/Resistor_SMD.3dshapes/R_0603_1608Metric.wrl
      (at (xyz 0 0 0))
      (scale (xyz 1 1 1))
      (rotate (xyz 0 0 0))
    )
  )

  (module Resistor_SMD:R_0603_1608Metric (layer B.Cu) (tedit 5B301BBD) (tstamp 5E65742A)
    (at 132.08 83.82 90)
    (descr "Resistor SMD 0603 (1608 Metric), square (rectangular) end terminal, IPC_7351 nominal, (Body size source: http://www.tortai-tech.com/upload/download/2011102023233369053.pdf), generated with kicad-footprint-generator")
    (tags resistor)
    (path /5E66D592)
    (attr smd)
    (fp_text reference R6 (at 0 1.43 90) (layer B.SilkS)
      (effects (font (size 1 1) (thickness 0.15)) (justify mirror))
    )
    (fp_text value TBD (at 0 -1.43 90) (layer B.Fab)
      (effects (font (size 1 1) (thickness 0.15)) (justify mirror))
    )
    (fp_text user %R (at 0 0 90) (layer B.Fab)
      (effects (font (size 0.4 0.4) (thickness 0.06)) (justify mirror))
    )
    (fp_line (start 1.48 -0.73) (end -1.48 -0.73) (layer B.CrtYd) (width 0.05))
    (fp_line (start 1.48 0.73) (end 1.48 -0.73) (layer B.CrtYd) (width 0.05))
    (fp_line (start -1.48 0.73) (end 1.48 0.73) (layer B.CrtYd) (width 0.05))
    (fp_line (start -1.48 -0.73) (end -1.48 0.73) (layer B.CrtYd) (width 0.05))
    (fp_line (start -0.162779 -0.51) (end 0.162779 -0.51) (layer B.SilkS) (width 0.12))
    (fp_line (start -0.162779 0.51) (end 0.162779 0.51) (layer B.SilkS) (width 0.12))
    (fp_line (start 0.8 -0.4) (end -0.8 -0.4) (layer B.Fab) (width 0.1))
    (fp_line (start 0.8 0.4) (end 0.8 -0.4) (layer B.Fab) (width 0.1))
    (fp_line (start -0.8 0.4) (end 0.8 0.4) (layer B.Fab) (width 0.1))
    (fp_line (start -0.8 -0.4) (end -0.8 0.4) (layer B.Fab) (width 0.1))
    (pad 2 smd roundrect (at 0.7875 0 90) (size 0.875 0.95) (layers B.Cu B.Paste B.Mask) (roundrect_rratio 0.25)
      (net 27 F3))
    (pad 1 smd roundrect (at -0.7875 0 90) (size 0.875 0.95) (layers B.Cu B.Paste B.Mask) (roundrect_rratio 0.25)
      (net 25 "Net-(Q2-Pad6)"))
    (model ${KISYS3DMOD}/Resistor_SMD.3dshapes/R_0603_1608Metric.wrl
      (at (xyz 0 0 0))
      (scale (xyz 1 1 1))
      (rotate (xyz 0 0 0))
    )
  )

  (module Package_TO_SOT_SMD:SuperSOT-6 (layer B.Cu) (tedit 5A02FF57) (tstamp 5E6601CC)
    (at 131.318 87.884 90)
    (descr "6-pin SuperSOT package http://www.mouser.com/ds/2/149/FMB5551-889214.pdf")
    (tags "SuperSOT-6 SSOT-6")
    (path /5E66D571)
    (attr smd)
    (fp_text reference Q2 (at 0 2.35 90) (layer B.SilkS)
      (effects (font (size 1 1) (thickness 0.15)) (justify mirror))
    )
    (fp_text value FDC6561AN (at 0 -2.5 90) (layer B.Fab)
      (effects (font (size 1 1) (thickness 0.15)) (justify mirror))
    )
    (fp_line (start 2.05 -1.7) (end -2.05 -1.7) (layer B.CrtYd) (width 0.05))
    (fp_line (start 2.05 -1.7) (end 2.05 1.7) (layer B.CrtYd) (width 0.05))
    (fp_line (start -2.05 1.7) (end -2.05 -1.7) (layer B.CrtYd) (width 0.05))
    (fp_line (start -2.05 1.7) (end 2.05 1.7) (layer B.CrtYd) (width 0.05))
    (fp_line (start -0.85 1) (end -0.85 -1.45) (layer B.Fab) (width 0.12))
    (fp_line (start -0.4 1.45) (end -0.85 1) (layer B.Fab) (width 0.12))
    (fp_line (start 0.85 1.45) (end -0.4 1.45) (layer B.Fab) (width 0.12))
    (fp_line (start 0.85 -1.45) (end 0.85 1.45) (layer B.Fab) (width 0.12))
    (fp_line (start -0.85 -1.45) (end 0.85 -1.45) (layer B.Fab) (width 0.12))
    (fp_line (start 0.85 -1.6) (end -0.85 -1.6) (layer B.SilkS) (width 0.12))
    (fp_line (start 0.85 1.6) (end -1.75 1.6) (layer B.SilkS) (width 0.12))
    (fp_text user %R (at 0 0 180) (layer B.Fab)
      (effects (font (size 0.5 0.5) (thickness 0.075)) (justify mirror))
    )
    (pad 5 smd rect (at 1.3 0 90) (size 1 0.7) (layers B.Cu B.Paste B.Mask)
      (net 5 GND))
    (pad 6 smd rect (at 1.3 0.95 90) (size 1 0.7) (layers B.Cu B.Paste B.Mask)
      (net 25 "Net-(Q2-Pad6)"))
    (pad 4 smd rect (at 1.3 -0.95 90) (size 1 0.7) (layers B.Cu B.Paste B.Mask)
      (net 26 "Net-(Q2-Pad4)"))
    (pad 3 smd rect (at -1.3 -0.95 90) (size 1 0.7) (layers B.Cu B.Paste B.Mask)
      (net 14 /SWDIO))
    (pad 2 smd rect (at -1.3 0 90) (size 1 0.7) (layers B.Cu B.Paste B.Mask)
      (net 5 GND))
    (pad 1 smd rect (at -1.3 0.95 90) (size 1 0.7) (layers B.Cu B.Paste B.Mask)
      (net 13 /SWCLK))
    (model ${KISYS3DMOD}/Package_TO_SOT_SMD.3dshapes/SuperSOT-6.wrl
      (at (xyz 0 0 0))
      (scale (xyz 1 1 1))
      (rotate (xyz 0 0 0))
    )
  )

  (module Resistor_SMD:R_0603_1608Metric (layer B.Cu) (tedit 5B301BBD) (tstamp 5E655F37)
    (at 118.11 82.55 180)
    (descr "Resistor SMD 0603 (1608 Metric), square (rectangular) end terminal, IPC_7351 nominal, (Body size source: http://www.tortai-tech.com/upload/download/2011102023233369053.pdf), generated with kicad-footprint-generator")
    (tags resistor)
    (path /5E66580D)
    (attr smd)
    (fp_text reference R5 (at 0 1.43) (layer B.SilkS)
      (effects (font (size 1 1) (thickness 0.15)) (justify mirror))
    )
    (fp_text value TBD (at 0 -1.43) (layer B.Fab)
      (effects (font (size 1 1) (thickness 0.15)) (justify mirror))
    )
    (fp_text user %R (at 0 0) (layer B.Fab)
      (effects (font (size 0.4 0.4) (thickness 0.06)) (justify mirror))
    )
    (fp_line (start 1.48 -0.73) (end -1.48 -0.73) (layer B.CrtYd) (width 0.05))
    (fp_line (start 1.48 0.73) (end 1.48 -0.73) (layer B.CrtYd) (width 0.05))
    (fp_line (start -1.48 0.73) (end 1.48 0.73) (layer B.CrtYd) (width 0.05))
    (fp_line (start -1.48 -0.73) (end -1.48 0.73) (layer B.CrtYd) (width 0.05))
    (fp_line (start -0.162779 -0.51) (end 0.162779 -0.51) (layer B.SilkS) (width 0.12))
    (fp_line (start -0.162779 0.51) (end 0.162779 0.51) (layer B.SilkS) (width 0.12))
    (fp_line (start 0.8 -0.4) (end -0.8 -0.4) (layer B.Fab) (width 0.1))
    (fp_line (start 0.8 0.4) (end 0.8 -0.4) (layer B.Fab) (width 0.1))
    (fp_line (start -0.8 0.4) (end 0.8 0.4) (layer B.Fab) (width 0.1))
    (fp_line (start -0.8 -0.4) (end -0.8 0.4) (layer B.Fab) (width 0.1))
    (pad 2 smd roundrect (at 0.7875 0 180) (size 0.875 0.95) (layers B.Cu B.Paste B.Mask) (roundrect_rratio 0.25)
      (net 22 F2))
    (pad 1 smd roundrect (at -0.7875 0 180) (size 0.875 0.95) (layers B.Cu B.Paste B.Mask) (roundrect_rratio 0.25)
      (net 24 "Net-(Q1-Pad4)"))
    (model ${KISYS3DMOD}/Resistor_SMD.3dshapes/R_0603_1608Metric.wrl
      (at (xyz 0 0 0))
      (scale (xyz 1 1 1))
      (rotate (xyz 0 0 0))
    )
  )

  (module Resistor_SMD:R_0603_1608Metric (layer B.Cu) (tedit 5B301BBD) (tstamp 5E655F26)
    (at 118.11 80.645 180)
    (descr "Resistor SMD 0603 (1608 Metric), square (rectangular) end terminal, IPC_7351 nominal, (Body size source: http://www.tortai-tech.com/upload/download/2011102023233369053.pdf), generated with kicad-footprint-generator")
    (tags resistor)
    (path /5E6634DD)
    (attr smd)
    (fp_text reference R4 (at 0 1.43) (layer B.SilkS)
      (effects (font (size 1 1) (thickness 0.15)) (justify mirror))
    )
    (fp_text value TBD (at 0 -1.43) (layer B.Fab)
      (effects (font (size 1 1) (thickness 0.15)) (justify mirror))
    )
    (fp_text user %R (at 0 0) (layer B.Fab)
      (effects (font (size 0.4 0.4) (thickness 0.06)) (justify mirror))
    )
    (fp_line (start 1.48 -0.73) (end -1.48 -0.73) (layer B.CrtYd) (width 0.05))
    (fp_line (start 1.48 0.73) (end 1.48 -0.73) (layer B.CrtYd) (width 0.05))
    (fp_line (start -1.48 0.73) (end 1.48 0.73) (layer B.CrtYd) (width 0.05))
    (fp_line (start -1.48 -0.73) (end -1.48 0.73) (layer B.CrtYd) (width 0.05))
    (fp_line (start -0.162779 -0.51) (end 0.162779 -0.51) (layer B.SilkS) (width 0.12))
    (fp_line (start -0.162779 0.51) (end 0.162779 0.51) (layer B.SilkS) (width 0.12))
    (fp_line (start 0.8 -0.4) (end -0.8 -0.4) (layer B.Fab) (width 0.1))
    (fp_line (start 0.8 0.4) (end 0.8 -0.4) (layer B.Fab) (width 0.1))
    (fp_line (start -0.8 0.4) (end 0.8 0.4) (layer B.Fab) (width 0.1))
    (fp_line (start -0.8 -0.4) (end -0.8 0.4) (layer B.Fab) (width 0.1))
    (pad 2 smd roundrect (at 0.7875 0 180) (size 0.875 0.95) (layers B.Cu B.Paste B.Mask) (roundrect_rratio 0.25)
      (net 21 F1))
    (pad 1 smd roundrect (at -0.7875 0 180) (size 0.875 0.95) (layers B.Cu B.Paste B.Mask) (roundrect_rratio 0.25)
      (net 23 "Net-(Q1-Pad6)"))
    (model ${KISYS3DMOD}/Resistor_SMD.3dshapes/R_0603_1608Metric.wrl
      (at (xyz 0 0 0))
      (scale (xyz 1 1 1))
      (rotate (xyz 0 0 0))
    )
  )

  (module Package_TO_SOT_SMD:SuperSOT-6 (layer B.Cu) (tedit 5A02FF57) (tstamp 5E655A55)
    (at 121.92 81.788 180)
    (descr "6-pin SuperSOT package http://www.mouser.com/ds/2/149/FMB5551-889214.pdf")
    (tags "SuperSOT-6 SSOT-6")
    (path /5E658AFB)
    (attr smd)
    (fp_text reference Q1 (at 0 2.35) (layer B.SilkS)
      (effects (font (size 1 1) (thickness 0.15)) (justify mirror))
    )
    (fp_text value FDC6561AN (at 0 -2.5) (layer B.Fab)
      (effects (font (size 1 1) (thickness 0.15)) (justify mirror))
    )
    (fp_line (start 2.05 -1.7) (end -2.05 -1.7) (layer B.CrtYd) (width 0.05))
    (fp_line (start 2.05 -1.7) (end 2.05 1.7) (layer B.CrtYd) (width 0.05))
    (fp_line (start -2.05 1.7) (end -2.05 -1.7) (layer B.CrtYd) (width 0.05))
    (fp_line (start -2.05 1.7) (end 2.05 1.7) (layer B.CrtYd) (width 0.05))
    (fp_line (start -0.85 1) (end -0.85 -1.45) (layer B.Fab) (width 0.12))
    (fp_line (start -0.4 1.45) (end -0.85 1) (layer B.Fab) (width 0.12))
    (fp_line (start 0.85 1.45) (end -0.4 1.45) (layer B.Fab) (width 0.12))
    (fp_line (start 0.85 -1.45) (end 0.85 1.45) (layer B.Fab) (width 0.12))
    (fp_line (start -0.85 -1.45) (end 0.85 -1.45) (layer B.Fab) (width 0.12))
    (fp_line (start 0.85 -1.6) (end -0.85 -1.6) (layer B.SilkS) (width 0.12))
    (fp_line (start 0.85 1.6) (end -1.75 1.6) (layer B.SilkS) (width 0.12))
    (fp_text user %R (at 0 0 270) (layer B.Fab)
      (effects (font (size 0.5 0.5) (thickness 0.075)) (justify mirror))
    )
    (pad 5 smd rect (at 1.3 0 180) (size 1 0.7) (layers B.Cu B.Paste B.Mask)
      (net 5 GND))
    (pad 6 smd rect (at 1.3 0.95 180) (size 1 0.7) (layers B.Cu B.Paste B.Mask)
      (net 23 "Net-(Q1-Pad6)"))
    (pad 4 smd rect (at 1.3 -0.95 180) (size 1 0.7) (layers B.Cu B.Paste B.Mask)
      (net 24 "Net-(Q1-Pad4)"))
    (pad 3 smd rect (at -1.3 -0.95 180) (size 1 0.7) (layers B.Cu B.Paste B.Mask)
      (net 35 /_F2))
    (pad 2 smd rect (at -1.3 0 180) (size 1 0.7) (layers B.Cu B.Paste B.Mask)
      (net 5 GND))
    (pad 1 smd rect (at -1.3 0.95 180) (size 1 0.7) (layers B.Cu B.Paste B.Mask)
      (net 36 /_F1))
    (model ${KISYS3DMOD}/Package_TO_SOT_SMD.3dshapes/SuperSOT-6.wrl
      (at (xyz 0 0 0))
      (scale (xyz 1 1 1))
      (rotate (xyz 0 0 0))
    )
  )

  (module Resistor_SMD:R_0603_1608Metric (layer B.Cu) (tedit 5B301BBD) (tstamp 5E655C87)
    (at 124.968 86.36)
    (descr "Resistor SMD 0603 (1608 Metric), square (rectangular) end terminal, IPC_7351 nominal, (Body size source: http://www.tortai-tech.com/upload/download/2011102023233369053.pdf), generated with kicad-footprint-generator")
    (tags resistor)
    (path /5E657FFF)
    (attr smd)
    (fp_text reference R3 (at 0 1.43) (layer B.SilkS)
      (effects (font (size 1 1) (thickness 0.15)) (justify mirror))
    )
    (fp_text value 10K (at 0 -1.43) (layer B.Fab)
      (effects (font (size 1 1) (thickness 0.15)) (justify mirror))
    )
    (fp_text user %R (at 0 0) (layer B.Fab)
      (effects (font (size 0.4 0.4) (thickness 0.06)) (justify mirror))
    )
    (fp_line (start 1.48 -0.73) (end -1.48 -0.73) (layer B.CrtYd) (width 0.05))
    (fp_line (start 1.48 0.73) (end 1.48 -0.73) (layer B.CrtYd) (width 0.05))
    (fp_line (start -1.48 0.73) (end 1.48 0.73) (layer B.CrtYd) (width 0.05))
    (fp_line (start -1.48 -0.73) (end -1.48 0.73) (layer B.CrtYd) (width 0.05))
    (fp_line (start -0.162779 -0.51) (end 0.162779 -0.51) (layer B.SilkS) (width 0.12))
    (fp_line (start -0.162779 0.51) (end 0.162779 0.51) (layer B.SilkS) (width 0.12))
    (fp_line (start 0.8 -0.4) (end -0.8 -0.4) (layer B.Fab) (width 0.1))
    (fp_line (start 0.8 0.4) (end 0.8 -0.4) (layer B.Fab) (width 0.1))
    (fp_line (start -0.8 0.4) (end 0.8 0.4) (layer B.Fab) (width 0.1))
    (fp_line (start -0.8 -0.4) (end -0.8 0.4) (layer B.Fab) (width 0.1))
    (pad 2 smd roundrect (at 0.7875 0) (size 0.875 0.95) (layers B.Cu B.Paste B.Mask) (roundrect_rratio 0.25)
      (net 16 /ADC_IN0))
    (pad 1 smd roundrect (at -0.7875 0) (size 0.875 0.95) (layers B.Cu B.Paste B.Mask) (roundrect_rratio 0.25)
      (net 17 M2))
    (model ${KISYS3DMOD}/Resistor_SMD.3dshapes/R_0603_1608Metric.wrl
      (at (xyz 0 0 0))
      (scale (xyz 1 1 1))
      (rotate (xyz 0 0 0))
    )
  )

  (module Resistor_SMD:R_0603_1608Metric (layer B.Cu) (tedit 5B301BBD) (tstamp 5E65868F)
    (at 125.222 84.836)
